Dataset,From,To
1,A,B
1,A,C
1,B,D
1,B,E
1,C,F
1,D,G
1,E,H
1,F,I
1,G,J
1,H,K
1,I,L
1,J,M
1,K,N
1,L,O
1,M,P
1,N,Q
1,O,R
1,P,S
1,Q,T
1,R,U
1,S,V
1,T,W
1,U,X
1,V,Y
1,W,Z
1,X,AA
1,Y,AB
1,Z,AC
1,AA,AD
1,A,F
1,B,I
1,C,L
1,D,O
1,E,R
1,F,U
1,G,X
1,H,AA
1,I,AD
1,J,C
1,K,F
1,L,H
1,M,K
1,N,M
1,O,P
1,P,T
1,Q,V
1,R,Y
1,S,Z
1,T,AB
2,N1,N2
2,N2,N3
2,N3,N4
2,N4,N5
2,N5,N6
3,R,L1
3,R,R1
3,L1,L2
3,L1,R2
3,R1,L3
3,R1,R3
4,HUB,S1
4,HUB,S2
4,HUB,S3
4,HUB,S4
4,HUB,S5
4,HUB,S6
5,A,B1
5,B1,C1
5,C1,D1
5,A,B2
5,B2,C2
5,C2,D2
5,D1,E
5,D2,E
6,P1,P2
6,P2,P3
6,P3,P4
6,P4,P5
6,P5,P6
6,P6,P7
6,P7,P8
6,P8,P1
6,P1,P4
6,P2,P6
6,P3,P7
7,V1,V2
7,V1,V3
7,V2,V4
7,V3,V5
7,V4,V6
7,V5,V7
7,V6,V8
7,V7,V9
7,V8,V10
7,V3,V7
8,T1A,T2A
8,T1A,T2B
8,T1B,T2B
8,T1B,T2C
8,T1C,T2C
8,T2A,T3A
8,T2A,T3B
8,T2B,T3B
8,T2B,T3C
8,T2C,T3C
9,H1,H2
9,H1,S1
9,H1,S2
9,H1,S3
9,H2,S4
9,H2,S5
9,H2,S6
9,H2,S7
10,M1,M2
10,M1,M3
10,M1,M4
10,M2,M3
10,M2,M5
10,M3,M6
10,M4,M5
10,M4,M7
10,M5,M6
10,M5,M8
10,M6,M7
10,M7,M8
11,F1,F2
11,F1,F3
11,F1,F4
11,F1,F5
11,F2,F3
11,F2,F4
11,F2,F5
11,F3,F4
11,F3,F5
11,F4,F5
12,RT,A
12,RT,B
12,RT,C
12,A,D
12,A,E
12,B,F
12,B,G
12,C,H
12,C,I
12,D,J
12,D,K
12,E,L
12,F,M
12,G,N
13,X1,X2
13,X1,X3
13,X2,X4
13,X3,X4
13,X4,X5
13,X4,X6
13,X5,X7
13,X6,X8
13,X7,X9
13,X8,X9
13,X9,X10
13,X3,X7
13,X5,X3
